L (0, 0, 0) [3, 0, -1, 0]
L (0, 1, 1) [3, 1, -1, 0]
L (0, 2, 2) [3, 16, -25, -18]
L (0, 3, 3) [3, 321, -433, -558]
L (0, 0, 2) [1, 0, 1, -1]
L (0, 1, 3) [-3, -1, -7, 15]
L (1, 1, 2) [3, -2, 3, 6]
L (1, 2, 3) [-3, 31, -27, -87]
3 (0, 0, 0) [1, 0, -1, 0, 0]
3 (0, 1, 1) [-3, 1, -8, 0, 0]
3 (0, 2, 2) [3, 28, -493, -15442, -51744]
3 (0, 3, 3) [-1233287, 4496, -238940, -1805254, -820563]
3 (0, 0, 2) [-3, 0, 150, 3395, 8624]
3 (0, 1, 3) [3, -1, 1065, 21602, 51744]
3 (1, 1, 2) [-3, -2, -127, -5558, -17248]
3 (1, 2, 3) [3, -57, -3527, -113295, -319088]
S (0, 0, 0) [-6, 0, 1, 0, 0]
S (0, 1, 1) [6, -2, 1, 0, 0]
S (0, 2, 2) [3, 8, -1, -54, -6]
S (0, 3, 3) [-3, 33, 4, -810, -6]
S (0, 0, 2) [-36, 0, 7, 108, -36]
S (0, 1, 3) [-36, 12, -31, -108, 108]
S (1, 1, 2) [9, 6, -4, 54, 0]
S (1, 2, 3) [-36, 204, -47, 756, -252]
L (2, 2, 2) [-3, -6, -11, 45]
3 (2, 2, 2) [3, -6, 1726, 28693, 60368]
S (2, 2, 2) [12, -24, 29, -108, -60]
